-0.077142,51.537487,1347005322.431915
-0.076830,51.537207,1347005382.389916
-0.052716,51.533045,1347005900.413600
-0.016796,51.528975,1347006404.383783
0.015501,51.571174,1347007329.588010
0.015483,51.570961,1347007343.618202
0.015459,51.571075,1347007403.379962
0.024041,51.569585,1347007579.257884
0.024025,51.569639,1347007591.573890
0.024025,51.569639,1347007603.670136
0.024127,51.569682,1347007615.772924
0.024127,51.569682,1347007627.895544
0.024127,51.569682,1347007640.046126
0.024127,51.569682,1347007658.428147
0.033180,51.572933,1347007983.457326
0.032617,51.573197,1347008174.916931
0.032731,51.573330,1347008234.879638
0.064558,51.558641,1347009220.139862
0.064639,51.558662,1347009240.125745
0.065222,51.558809,1347009258.227612
0.066740,51.559172,1347009276.347120
0.068472,51.559588,1347009294.450715
0.069862,51.559872,1347009312.627772
0.070422,51.559178,1347009330.741965
0.070225,51.558626,1347009348.847919
0.070257,51.557591,1347009366.943650
0.071134,51.556683,1347009385.050184
0.073225,51.557079,1347009403.146100
0.075138,51.557739,1347009421.248410
0.077026,51.558666,1347009439.376949
0.078826,51.559269,1347009457.480696
0.080537,51.559846,1347009475.580214
0.081499,51.560778,1347009493.684909
0.083280,51.561075,1347009511.801386
0.084548,51.561324,1347009529.903821
0.086421,51.561697,1347009548.007959
0.088537,51.562149,1347009566.104436
0.090695,51.562731,1347009584.214884
0.092457,51.563120,1347009602.335807
0.094454,51.563396,1347009620.524966
0.096546,51.563679,1347009638.626079
0.097202,51.563764,1347009656.723509
0.097528,51.564126,1347009674.820031
0.098353,51.564344,1347009692.923164
0.100621,51.564770,1347009711.024835
0.102658,51.565204,1347009729.120896
0.104568,51.565592,1347009747.217385
0.106393,51.565960,1347009765.318045
0.108441,51.566364,1347009783.425848
0.110091,51.566698,1347009801.527388
0.110253,51.566830,1347009819.634597
0.110315,51.566849,1347009837.731106
0.111971,51.567145,1347009855.839875
0.114061,51.567494,1347009873.941567
0.116308,51.567909,1347009892.043920
0.118044,51.568226,1347009910.152594
0.120033,51.568679,1347009928.253264
0.122294,51.569138,1347009946.461495
0.124434,51.569507,1347009964.556446
0.126463,51.569921,1347009982.662361
0.128385,51.570374,1347010000.770087
0.130233,51.570898,1347010018.874965
0.132170,51.571205,1347010036.979644
0.134056,51.571532,1347010055.081735
0.135839,51.571843,1347010073.195822
0.135896,51.571792,1347010091.303628
0.136126,51.571851,1347010109.618098
0.138074,51.572036,1347010127.794486
0.140183,51.572054,1347010145.900464
0.141478,51.572245,1347010164.002448
0.141483,51.572267,1347010182.102412
0.142102,51.572318,1347010200.199496
0.144087,51.572587,1347010218.340588
0.146254,51.572883,1347010236.549580
0.148639,51.573137,1347010254.650992
0.151279,51.573491,1347010272.754183
0.153879,51.573747,1347010290.940710
0.156346,51.574082,1347010309.038637
0.163683,51.574653,1347010363.374618
0.166100,51.574235,1347010381.556870
0.168608,51.574190,1347010399.745088
0.171069,51.574558,1347010417.904312
0.173477,51.574795,1347010436.008229
0.175687,51.575422,1347010454.101288
0.176870,51.576258,1347010472.198264
0.177002,51.577349,1347010490.363613
0.177176,51.578781,1347010508.653228
0.177871,51.579847,1347010526.868045
0.178599,51.580131,1347010545.067513
0.180515,51.580547,1347010563.239061
0.182767,51.580578,1347010581.355757
0.184684,51.580643,1347010599.458194
0.186257,51.581322,1347010617.639794
0.187644,51.582127,1347010635.763823
0.189332,51.582918,1347010653.859823
0.191171,51.583627,1347010671.964613
0.192809,51.584462,1347010690.062790
0.194302,51.585150,1347010708.160185
0.195854,51.585812,1347010726.254512
0.197657,51.586365,1347010744.353291
0.199315,51.586629,1347010762.452308
0.201007,51.586843,1347010780.562817
0.202739,51.587398,1347010798.662527
0.204529,51.588004,1347010816.761402
0.206551,51.588583,1347010834.858126
0.208304,51.589507,1347010852.961353
0.209454,51.590598,1347010871.063834
0.210661,51.591475,1347010889.159307
0.212139,51.592247,1347010907.277519
0.212136,51.592685,1347010925.385714
0.211658,51.592763,1347010943.490176
0.211674,51.592767,1347010961.594280
0.211960,51.592923,1347010979.704107
0.213122,51.593237,1347010997.803365
0.213022,51.594340,1347011015.898811
0.212705,51.595262,1347011034.002741
0.212297,51.596367,1347011052.096154
0.211881,51.597571,1347011070.190597
0.211443,51.598836,1347011088.295990
0.211022,51.600046,1347011106.491000
0.210550,51.601260,1347011124.590847
0.210089,51.602450,1347011142.688932
0.209683,51.603592,1347011160.814706
0.209268,51.604750,1347011178.919935
0.208855,51.605767,1347011197.024198
0.208548,51.606685,1347011215.119933
0.208216,51.607508,1347011233.216247
0.207803,51.608524,1347011251.326602
0.207427,51.609472,1347011269.431954
0.208161,51.610293,1347011287.632322
0.210009,51.611414,1347011305.746506
0.211314,51.612701,1347011323.847561
0.213130,51.613461,1347011341.952929
0.214474,51.614102,1347011360.054102
0.215596,51.614616,1347011378.167804
0.216456,51.615061,1347011396.262078
0.217590,51.615825,1347011414.461022
0.218982,51.616670,1347011432.557719
0.220981,51.617842,1347011450.655700
0.222908,51.618713,1347011468.754111
0.224303,51.619289,1347011486.902502
0.225558,51.619897,1347011505.002195
0.226501,51.620500,1347011523.105679
0.227279,51.621216,1347011541.206535
0.228497,51.621723,1347011559.395594
0.229572,51.622504,1347011577.580591
0.230694,51.623565,1347011595.794390
0.231885,51.625042,1347011613.893553
0.232848,51.626353,1347011631.987462
0.233793,51.627428,1347011650.099260
0.234878,51.628573,1347011668.227633
0.236020,51.629631,1347011686.332459
0.237121,51.630884,1347011704.429969
0.237364,51.631260,1347011722.620499
0.262713,51.624241,1347012168.200157
0.298427,51.620127,1347012776.008014
0.335399,51.642992,1347013350.421483
0.365042,51.660305,1347013761.544024
0.396409,51.678102,1347014269.026490
0.427712,51.696046,1347014680.035843
0.451698,51.718983,1347015091.421578
0.480837,51.726858,1347015479.853658
0.480800,51.726780,1347015523.949490
0.486277,51.727656,1347015870.388926
0.498569,51.742783,1347016202.182050
0.523886,51.759557,1347016529.435750
0.563907,51.770039,1347016856.189229
0.597770,51.776795,1347017453.411521
0.597604,51.776789,1347017871.192482
0.597455,51.776680,1347018196.188891
0.597560,51.776697,1347018521.168490
0.597501,51.776740,1347018846.160972
0.597465,51.776607,1347019272.545778
0.618856,51.785835,1347019855.230510
0.640999,51.800648,1347020181.219730
0.664716,51.816210,1347020508.609666
0.693917,51.830840,1347021164.193768
0.717482,51.845256,1347021505.272230
0.745225,51.859393,1347021845.330049
0.774985,51.874894,1347022192.470202
0.779371,51.878938,1347022754.756202
0.828044,51.885877,1347023094.440736
0.860774,51.889960,1347023433.335080
0.893002,51.887182,1347023772.243337
0.926431,51.883172,1347024112.467766
0.942787,51.881262,1347024455.023739
0.971886,51.881692,1347024795.710555
0.975641,51.882392,1347025411.974602
1.005708,51.877137,1347025927.429716
1.034169,51.868658,1347026268.223531
1.040266,51.870535,1347026786.343451
1.040325,51.870281,1347027127.278934
1.040230,51.870464,1347027464.301519
1.061933,51.872690,1347028049.759548
1.061359,51.888791,1347028389.291888
1.086754,51.904277,1347028729.248449
1.125808,51.909640,1347029069.494151
1.163227,51.915323,1347029416.296925
1.195401,51.923306,1347029756.312209
1.203841,51.925706,1347030395.473631
1.247140,51.930957,1347031392.289711
1.280583,51.937248,1347031732.337586
1.285317,51.938309,1347032219.305744
1.258725,51.936483,1347036335.527207
1.258475,51.936930,1347036395.526364
1.286931,51.947095,1347037652.711879
4.123181,51.980391,1347085612.996431
4.157383,51.988722,1347086310.258109
4.184147,51.978638,1347086646.302376
4.214806,51.963421,1347086984.384086
4.228656,51.946592,1347087322.026581
4.241969,51.929689,1347087659.149962
4.256683,51.923286,1347087996.603563
4.267369,51.921837,1347088447.460575
4.317634,51.919187,1347089132.009899
4.358743,51.910746,1347089803.628879
4.379314,51.911060,1347090139.636870
4.432786,51.912515,1347091098.669458
4.445018,51.916777,1347091436.225107
4.471831,51.921105,1347091774.201179
4.481744,51.915570,1347092299.538398
4.481614,51.911443,1347092798.880451
4.496448,51.903490,1347093224.481651
4.528094,51.894200,1347093919.191307
4.578964,51.867851,1347095084.630708
4.603772,51.852002,1347095548.677255
4.633151,51.853571,1347095896.061642
4.652252,51.855543,1347096243.691299
4.678722,51.848169,1347096591.687078
4.681919,51.845767,1347096939.135538
4.691380,51.844388,1347097287.268609
4.726997,51.835290,1347097634.894807
4.751198,51.827277,1347097982.735981
4.778819,51.824007,1347098549.341320
4.818402,51.821088,1347099223.337218
4.853532,51.820826,1347099569.215599
4.887938,51.821213,1347099916.800042
4.921198,51.837752,1347100401.095779
4.950688,51.832268,1347100748.265001
4.973503,51.829867,1347101591.739414
4.971332,51.830605,1347107652.637008
4.953537,51.831341,1347107989.532487
4.939614,51.822287,1347108328.236993
4.935543,51.804459,1347108664.796640
4.928693,51.785076,1347109002.615870
4.926070,51.771528,1347109339.571627
4.955811,51.765215,1347109816.817692
4.951221,51.741781,1347110154.871725
4.979498,51.720716,1347111173.866202
5.009871,51.714650,1347111513.143483
5.032310,51.712808,1347111851.678612
5.068160,51.717781,1347112188.676193
5.092795,51.732504,1347112526.682906
5.093668,51.732544,1347113180.340396
5.093597,51.732502,1347113402.893347
5.117920,51.736418,1347114013.087624
5.135274,51.719245,1347114350.078852
5.159127,51.708836,1347114757.002039
5.176167,51.696338,1347115676.007483
5.222838,51.691589,1347116444.606660
5.257785,51.692294,1347116781.568783
5.281344,51.686456,1347117438.411338
5.288528,51.682164,1347117832.476229
5.278707,51.668974,1347118298.472270
5.268850,51.666815,1347118765.824695
5.268809,51.666643,1347118983.735668
5.289524,51.665180,1347119438.721115
5.289463,51.665009,1347119741.753528
5.291393,51.657583,1347120108.858135
5.291334,51.657553,1347120380.728039
5.304276,51.650694,1347120842.468545
5.312778,51.628360,1347121179.994067
5.320259,51.606801,1347121517.058659
5.330472,51.588676,1347121856.033670
5.340969,51.575032,1347122194.160878
5.358888,51.556948,1347122531.944853
5.377854,51.537769,1347122870.047501
5.379613,51.536178,1347122929.933978
5.406449,51.509579,1347123542.766550
5.484698,51.433094,1347182823.267718
5.487697,51.433907,1347183183.070422
5.513558,51.429608,1347183535.056907
5.579627,51.431332,1347184535.246101
5.582513,51.431659,1347184566.332147
5.597324,51.420885,1347184896.586891
5.598398,51.420292,1347184956.077656
5.608635,51.420060,1347185398.714881
5.623865,51.421047,1347185843.641006
5.660062,51.423536,1347186191.084451
5.712225,51.414709,1347186746.457622
5.739296,51.406563,1347187093.488240
5.805924,51.382644,1347188725.103995
5.856560,51.369750,1347189524.606295
5.887414,51.373568,1347190193.053564
5.899471,51.367611,1347190576.214891
5.921585,51.382229,1347190923.621916
5.952856,51.395371,1347191503.052440
5.971263,51.410980,1347191849.000920
6.000018,51.415651,1347192196.347852
6.036747,51.408793,1347193260.198262
6.035065,51.412644,1347193607.433802
6.035332,51.412754,1347193951.458560
6.048420,51.411439,1347194610.330775
6.076257,51.399496,1347194957.998185
6.126325,51.370598,1347195948.543589
6.157131,51.370083,1347196538.549985
6.170846,51.366201,1347196886.030766
6.171267,51.366698,1347197129.342547
6.171253,51.369263,1347197484.369439
6.170609,51.369984,1347197924.359669
6.170764,51.370530,1347198118.361654
6.170823,51.369881,1347198631.312202
6.170557,51.369539,1347198953.475215
6.170456,51.369831,1347199319.553425
6.170475,51.369880,1347199673.398491
6.170476,51.369814,1347200029.367971
6.170474,51.369808,1347200379.380503
6.170582,51.369847,1347200723.398004
6.170464,51.369770,1347200863.390376
6.171667,51.368890,1347201413.657460
6.170579,51.368451,1347201760.373372
6.182934,51.358142,1347202263.672485
6.219096,51.337959,1347202871.618818
6.264243,51.334589,1347203675.538294
6.285027,51.332253,1347204019.560716
6.307652,51.310549,1347204791.595470
6.321963,51.293812,1347205137.133841
6.360388,51.286390,1347205821.942257
6.377153,51.286710,1347206167.871896
6.403259,51.278053,1347206935.530977
6.427636,51.265645,1347207282.438194
6.467687,51.260827,1347207801.798742
6.510708,51.248644,1347208793.923917
6.537740,51.242293,1347209140.747889
6.568439,51.228231,1347210213.094425
6.603869,51.223865,1347210559.658617
6.637009,51.216773,1347210907.829114
6.686033,51.225873,1347211712.964146
6.708628,51.230800,1347212062.479968
6.727443,51.232850,1347212717.453052
6.746590,51.230743,1347213070.606745
6.765268,51.231615,1347213412.532118
6.771202,51.231476,1347213848.115799
6.788555,51.225822,1347214563.489092
6.786990,51.222951,1347214687.737142
6.787050,51.222921,1347214695.828443
6.787031,51.222991,1347214703.915049
6.787030,51.223106,1347214712.019730
6.787046,51.223245,1347214720.140875
6.787093,51.223319,1347214728.240297
6.787109,51.223393,1347214736.356987
6.787150,51.223414,1347214744.453569
6.787203,51.223417,1347214752.564490
6.787202,51.223425,1347214760.672839
6.787207,51.223477,1347214768.779509
6.786992,51.223579,1347214776.880609
6.786793,51.223669,1347214784.976067
6.786704,51.223754,1347214793.075805
6.786769,51.223769,1347214801.185330
6.786854,51.223746,1347214809.285121
6.786760,51.223757,1347214817.384546
6.786840,51.223763,1347214825.494697
6.787116,51.223597,1347214833.597055
6.787099,51.223493,1347214841.691950
6.787066,51.223467,1347214849.792273
6.787041,51.223423,1347214857.883601
6.787005,51.223349,1347214865.986820
6.786982,51.223289,1347214874.094827
6.786892,51.223169,1347214882.187927
6.786829,51.223038,1347214890.291055
6.786817,51.222939,1347214898.391462
6.786922,51.222845,1347214906.492187
6.786588,51.222779,1347214914.593065
6.786498,51.222774,1347214922.691505
6.786407,51.222724,1347214930.797252
6.786382,51.222599,1347214938.895383
6.786255,51.222378,1347214946.996834
6.786065,51.222172,1347214955.106723
6.785836,51.222111,1347214963.210059
6.785756,51.221866,1347214971.304573
6.785693,51.221575,1347214979.401937
6.785505,51.221316,1347214987.521132
6.785321,51.221118,1347214995.621183
6.785200,51.220900,1347215003.723023
6.784986,51.220681,1347215014.428997
6.784629,51.220618,1347215022.558318
6.784588,51.220487,1347215030.663439
6.784719,51.220138,1347215038.754784
6.784521,51.219862,1347215046.853016
6.784157,51.219775,1347215054.944088
6.784045,51.219665,1347215063.046234
6.784136,51.219407,1347215071.137814
6.784086,51.219093,1347215079.231384
6.783929,51.218913,1347215087.337431
6.783715,51.218794,1347215095.439282
6.783477,51.218811,1347215103.535844
6.783567,51.218698,1347215111.636397
6.783801,51.218428,1347215119.730427
6.783661,51.218240,1347215127.820433
6.783436,51.218344,1347215135.919301
6.783365,51.218435,1347215144.010712
6.783559,51.218573,1347215152.117967
6.783782,51.218735,1347215160.223399
6.783744,51.218805,1347215168.314319
6.783891,51.218882,1347215176.403877
6.783994,51.218935,1347215184.499139
6.783714,51.219070,1347215192.601235
6.783923,51.219178,1347215200.700185
6.783923,51.219303,1347215208.805105
6.783938,51.219316,1347215216.894734
6.783879,51.219370,1347215235.950754
6.783907,51.219351,1347215244.040960
6.783534,51.219254,1347268173.446223
6.773277,51.208808,1347268605.296988
6.776749,51.204994,1347269576.307490
6.776575,51.204239,1347270002.456722
6.776768,51.204860,1347270427.275144
6.776743,51.204804,1347271476.335437
6.777041,51.204386,1347271900.078922
6.775892,51.194411,1347272405.389274
6.787352,51.190855,1347272746.408043
6.805691,51.170354,1347273181.073957
6.800995,51.166318,1347273522.092323
6.840300,51.170176,1347274475.358594
6.861051,51.152680,1347274819.510832
6.861045,51.150466,1347274879.461195
6.883901,51.111670,1347275506.542327
6.870398,51.074807,1347276195.536605
6.899239,51.066807,1347276539.597438
6.928568,51.054863,1347276884.497253
6.948980,51.045134,1347277231.392168
6.969224,51.032231,1347277577.978725
6.988627,51.026136,1347278105.664490
6.992675,51.012950,1347278450.371712
6.998154,50.992663,1347278795.607800
7.006615,50.969505,1347279327.956857
6.992388,50.955509,1347279886.675206
6.973649,50.944206,1347280302.414906
6.963261,50.936384,1347280649.359660
6.961269,50.941019,1347280982.558120
6.960589,50.941169,1347281042.462839
6.956535,50.941313,1347281195.065980
6.956624,50.941336,1347281217.254572
6.956817,50.941332,1347281239.479841
6.956481,50.941366,1347281261.596718
6.956553,50.941312,1347281283.726508
6.956588,50.941335,1347281305.834759
6.956374,50.941318,1347281327.946082
6.956200,50.941350,1347281350.061337
6.956167,50.941412,1347281372.194221
6.956150,50.941408,1347281394.311511
6.956277,50.941394,1347281416.434332
6.956199,50.941403,1347281438.547365
6.956197,50.941463,1347281460.695861
6.956147,50.941402,1347281482.832076
6.955991,50.941410,1347281504.961160
6.955809,50.941440,1347281527.057693
6.955874,50.941406,1347281549.171599
6.955874,50.941406,1347281571.281512
6.955920,50.941361,1347281593.393952
6.955920,50.941361,1347281615.504157
6.955841,50.941361,1347281637.731692
6.955841,50.941361,1347281659.832386
6.955841,50.941361,1347281681.932004
6.955974,50.941411,1347281704.054299
6.955976,50.941378,1347281726.215726
6.955976,50.941378,1347281748.709945
6.955976,50.941378,1347281770.927893
6.955976,50.941378,1347281793.037463
6.955976,50.941378,1347281815.142598
6.955976,50.941378,1347281837.239284
6.955976,50.941378,1347281859.354581
6.955994,50.941415,1347281881.463792
6.956075,50.941345,1347281903.575953
6.956053,50.941222,1347281925.682401
6.956207,50.940958,1347281947.789422
6.956121,50.940586,1347281969.881836
6.956602,50.940308,1347281991.975010
6.956392,50.940427,1347282014.082558
6.956231,50.940244,1347282036.184975
6.956024,50.940293,1347282058.281237
6.956387,50.940254,1347282080.386005
6.956414,50.940165,1347282102.480418
6.956129,50.940235,1347282124.584509
6.956021,50.940274,1347282146.682960
6.956173,50.940172,1347282168.780119
6.956166,50.940260,1347282190.880187
6.956077,50.940253,1347282212.991949
6.956363,50.940475,1347282235.088349
6.956363,50.940475,1347282257.184524
6.956363,50.940475,1347282269.390639
6.956363,50.940411,1347282329.398798
6.956478,50.940502,1347282351.417679
6.956542,50.940481,1347282373.528542
6.956606,50.940469,1347282395.639451
6.956694,50.940428,1347282417.742731
6.956692,50.940473,1347282439.851179
6.956724,50.940421,1347282461.956598
6.956724,50.940421,1347282484.053194
6.956635,50.940299,1347282506.153382
6.956626,50.940300,1347282528.249109
6.956452,50.940269,1347282550.353299
6.956452,50.940269,1347282572.466722
6.956452,50.940269,1347282594.576747
6.956551,50.940376,1347282616.675254
6.956551,50.940376,1347282638.777768
6.956551,50.940376,1347282660.878690
6.956551,50.940376,1347282682.976554
6.956551,50.940376,1347282705.074069
6.956551,50.940376,1347282748.696980
6.956547,50.940379,1347282770.902713
6.956573,50.940386,1347282793.007352
6.956568,50.940432,1347282815.127056
6.956617,50.940400,1347282837.232610
6.956480,50.940437,1347282859.336528
6.956480,50.940437,1347282881.452021
6.956322,50.940506,1347282903.560603
6.956497,50.940473,1347282925.669522
6.956565,50.940444,1347282947.774555
6.956518,50.940521,1347282969.894292
6.956603,50.940449,1347282992.008794
6.956593,50.940407,1347283014.117394
6.956678,50.940377,1347283036.313323
6.956596,50.940389,1347283058.458117
6.956502,50.940389,1347283080.572509
6.956624,50.940406,1347283102.683251
6.956657,50.940449,1347283124.785629
6.956695,50.940362,1347283146.917280
6.956611,50.940491,1347283169.027566
6.956594,50.940495,1347283191.139560
6.956594,50.940495,1347283213.256087
6.956594,50.940495,1347283235.376299
6.956594,50.940495,1347283257.509799
6.956594,50.940495,1347283279.628809
6.956594,50.940495,1347283301.733300
6.956625,50.940488,1347283323.835819
6.956482,50.940447,1347283346.045901
6.956397,50.940433,1347283368.152427
6.956581,50.940498,1347283390.256663
6.956549,50.940540,1347283412.378022
6.956583,50.940506,1347283434.506901
6.956583,50.940506,1347283456.620451
6.956546,50.940548,1347283478.730369
6.956591,50.940599,1347283500.837748
6.956622,50.940622,1347283522.950298
6.956547,50.940652,1347283545.056828
6.956563,50.940607,1347283567.201194
6.956551,50.940608,1347283589.326009
6.956551,50.940608,1347283611.443773
6.956454,50.940705,1347283633.563641
6.956796,50.940592,1347283655.753360
6.956796,50.940592,1347283677.859077
6.956863,50.940489,1347283699.966432
6.956863,50.940489,1347283722.084439
6.956742,50.940590,1347283744.192944
6.956818,50.940590,1347283766.295933
6.956719,50.940533,1347283788.440262
6.956719,50.940533,1347283810.548302
6.956719,50.940533,1347283832.677346
6.956689,50.940547,1347283855.539302
6.956710,50.940611,1347283877.561081
6.956713,50.940647,1347283899.717258
6.956639,50.940683,1347283921.823677
6.956639,50.940683,1347283943.951326
6.956648,50.940695,1347283966.074223
6.956556,50.940701,1347283988.181849
6.956745,50.940618,1347284010.308769
6.956698,50.940583,1347284032.430959
6.956676,50.940626,1347284054.543310
6.956625,50.940664,1347284076.665062
6.956625,50.940664,1347284098.776316
6.956613,50.940667,1347284120.887533
6.956653,50.940655,1347284143.005479
6.956642,50.940670,1347284165.138056
6.956607,50.940693,1347284187.250483
6.956765,50.940619,1347284209.399555
6.956805,50.940578,1347284231.511567
6.956805,50.940578,1347284253.622381
6.956805,50.940578,1347284275.733588
6.956618,50.940737,1347284297.835947
6.956721,50.940718,1347284319.939775
6.956665,50.940700,1347284342.045661
6.956590,50.940760,1347284364.150130
6.956507,50.940791,1347284386.290960
6.956507,50.940791,1347284408.430887
6.956516,50.940771,1347284430.539503
6.956685,50.940640,1347284452.649506
6.956650,50.940586,1347284474.775730
6.956713,50.940590,1347284496.877400
6.956709,50.940570,1347284518.994579
6.956462,50.940788,1347284541.100833
6.956702,50.940643,1347284563.213414
6.956819,50.940579,1347284585.319522
6.956917,50.940497,1347284607.446978
6.956936,50.940482,1347284629.563544
6.957028,50.940552,1347284651.675163
6.956926,50.940684,1347284673.782797
6.956880,50.940776,1347284695.896348
6.956804,50.940777,1347284718.001521
6.956872,50.940753,1347284740.108440
6.956809,50.940774,1347284762.218749
6.956809,50.940774,1347284784.329372
6.956739,50.940666,1347284806.458794
6.956739,50.940666,1347284828.571856
6.956828,50.940542,1347284850.677483
6.956880,50.940518,1347284872.782560
6.956809,50.940531,1347284894.914590
6.956883,50.940524,1347284917.034265
6.956883,50.940524,1347284939.145316
6.956883,50.940524,1347284961.392385
6.956883,50.940524,1347284984.447548
6.956806,50.940528,1347285006.569085
6.956806,50.940528,1347285028.682684
6.956883,50.940570,1347285050.842285
6.956892,50.940599,1347285072.971252
6.956912,50.940600,1347285095.081829
6.956846,50.940621,1347285117.186066
6.956786,50.940592,1347285139.298604
6.956786,50.940592,1347285161.403230
6.956786,50.940592,1347285183.511561
6.956786,50.940592,1347285205.628007
6.956786,50.940592,1347285228.137349
6.956786,50.940592,1347285250.371417
6.956634,50.940518,1347285272.506715
6.956634,50.940518,1347285294.620148
6.956701,50.940502,1347285316.721792
6.956701,50.940502,1347285338.841239
6.956701,50.940502,1347285360.945688
6.956627,50.940478,1347285383.042842
6.956627,50.940478,1347285405.424458
6.956627,50.940478,1347285428.319067
6.956627,50.940478,1347285450.853506
6.956627,50.940478,1347285473.131024
6.956693,50.940464,1347285495.800989
6.956308,50.940563,1347285517.906146
6.956627,50.940521,1347285540.018945
6.956768,50.940509,1347285562.160376
6.956768,50.940509,1347285584.266967
6.956690,50.940532,1347285606.442306
6.956690,50.940532,1347285629.170499
6.956641,50.940491,1347285653.134397
6.956800,50.940389,1347285675.257531
6.956646,50.940380,1347285697.344971
6.956627,50.940424,1347285719.444681
6.956538,50.940426,1347285741.541786
6.956538,50.940426,1347285763.628474
6.956538,50.940426,1347285785.720370
6.956688,50.940448,1347285808.070166
6.956759,50.940444,1347285830.702105
6.956620,50.940276,1347285852.797834
6.956792,50.940043,1347285874.928399
6.956438,50.940245,1347285897.029250
6.956381,50.940292,1347285919.134082
6.956381,50.940289,1347285941.229130
6.956313,50.940274,1347285963.328425
6.956377,50.940252,1347285985.427307
6.956377,50.940252,1347286007.852551
6.956366,50.940228,1347286029.954325
6.956380,50.940238,1347286052.053403
6.956434,50.940227,1347286074.158329
6.956374,50.940279,1347286096.258589
6.957054,50.940177,1347286118.370417
6.957462,50.940067,1347286140.469685
6.957845,50.939995,1347286162.563637
6.958050,50.939925,1347286184.659723
6.958046,50.940010,1347286206.755019
6.961479,50.936419,1347286577.422036
6.972487,50.926819,1347287017.893517
6.991380,50.908004,1347287366.479446
7.011433,50.896929,1347287715.390093
7.045022,50.893672,1347288064.161616
7.052730,50.878022,1347288412.528791
7.038551,50.870054,1347288760.444060
7.019448,50.861210,1347289109.593989
7.001112,50.845401,1347289457.751096
6.987690,50.831077,1347289807.605774
7.013444,50.827138,1347290154.871524
7.024140,50.830894,1347291101.775626
7.024284,50.830849,1347291447.131825
7.030776,50.824086,1347291877.905728
7.039348,50.808442,1347292226.450252
7.044116,50.791793,1347292574.660172
7.078418,50.773573,1347293210.846522
7.080724,50.773282,1347293270.499248
7.087631,50.766372,1347293906.479144
7.078398,50.769061,1347294477.628392
7.078076,50.768944,1347294805.543163
7.072493,50.772069,1347295168.708640
7.076470,50.765308,1347296013.066837
7.109630,50.728496,1347296954.773536
7.123775,50.713786,1347297322.485101
7.142320,50.695871,1347297688.288089
7.148243,50.691367,1347298276.384400
7.148330,50.691460,1347298640.494330
7.148644,50.691630,1347298943.053379
7.163774,50.687971,1347299368.721698
7.166461,50.689087,1347299736.096899
7.171447,50.691526,1347299936.106439
7.176597,50.693842,1347300466.349840
7.176184,50.693554,1347300820.217227
7.176214,50.693546,1347300907.634877
7.188555,50.677464,1347301317.490244
7.192879,50.675302,1347301699.328583
7.193221,50.675346,1347301725.146211
7.193063,50.675407,1347301747.252546
7.193063,50.675407,1347301759.388669
7.193004,50.675305,1347302008.402526
7.193068,50.675263,1347302030.422462
7.192658,50.675124,1347302052.526019
7.192590,50.675043,1347302074.619488
7.192933,50.675057,1347302096.715269
7.193113,50.675244,1347302118.818932
7.193087,50.675241,1347302140.915472
7.193024,50.675287,1347302163.041250
7.193012,50.675328,1347302185.179686
7.192925,50.675378,1347302207.291084
7.192901,50.675267,1347302229.399070
7.192830,50.675217,1347302251.509151
7.192896,50.675234,1347302273.605137
7.192896,50.675234,1347302295.701334
7.192896,50.675234,1347302317.796562
7.192956,50.675215,1347302339.890633
7.193002,50.675197,1347302361.992893
7.193002,50.675197,1347302384.107702
7.193002,50.675197,1347302406.217424
7.193002,50.675197,1347302428.321223
7.193002,50.675197,1347302450.416696
7.193002,50.675197,1347302472.521618
7.193002,50.675197,1347302494.621858
7.193002,50.675197,1347302516.720590
7.193002,50.675197,1347302538.817839
7.193002,50.675197,1347302560.917702
7.193018,50.675194,1347302583.016564
7.193018,50.675194,1347302605.134038
7.193018,50.675194,1347302627.243812
7.193018,50.675194,1347302649.348816
7.193018,50.675194,1347302671.449669
7.193018,50.675194,1347302693.544971
7.193018,50.675194,1347302715.639881
7.193018,50.675194,1347302737.735799
7.193018,50.675194,1347302759.831925
7.193018,50.675194,1347302781.926928
7.193018,50.675194,1347302804.028979
7.193018,50.675194,1347302826.142120
7.193018,50.675194,1347302848.246926
7.193018,50.675194,1347302870.351722
7.193018,50.675194,1347302892.447929
7.193018,50.675194,1347302914.542669
7.193018,50.675194,1347302936.641364
7.192967,50.675261,1347302958.739064
7.192967,50.675261,1347302980.832798
7.192967,50.675261,1347303002.930847
7.192967,50.675261,1347303025.036057
7.192967,50.675261,1347303047.170676
7.192967,50.675261,1347303069.269731
7.192967,50.675261,1347303091.371959
7.192967,50.675261,1347303113.476792
7.192974,50.675236,1347303135.583326
7.192974,50.675236,1347303157.677259
7.192974,50.675236,1347303179.775897
7.192923,50.675258,1347303201.872366
7.192923,50.675258,1347303223.972743
7.192923,50.675258,1347303246.089952
7.192923,50.675258,1347303268.197011
7.192963,50.675239,1347303290.298959
7.192925,50.675259,1347303312.409140
7.192773,50.675266,1347303334.508098
7.192713,50.675286,1347303356.610387
7.192792,50.675296,1347303378.703804
7.192861,50.675270,1347303400.812579
7.193013,50.675305,1347303422.921062
7.193013,50.675305,1347303445.027591
7.193102,50.675275,1347303467.151288
7.193348,50.675031,1347303489.253561
7.193470,50.674822,1347303511.348226
7.193733,50.674550,1347303533.442161
7.193552,50.674308,1347303555.535549
7.193053,50.674431,1347303577.640606
7.192335,50.674229,1347303599.741354
7.192057,50.674151,1347303621.836835
7.191584,50.674075,1347303643.933652
7.191648,50.674346,1347303666.028414
7.191444,50.674575,1347303688.129810
7.191021,50.674751,1347303710.232672
7.190845,50.674806,1347303732.337966
7.191220,50.675004,1347303754.435724
7.191943,50.675018,1347303776.542434
7.192189,50.675086,1347303798.650241
7.192748,50.675124,1347303820.749916
7.193078,50.675501,1347303842.846729
7.192943,50.675734,1347303864.944491
7.192635,50.675062,1347354472.941976
7.191777,50.672723,1347354823.093312
7.189138,50.671153,1347355171.127848
7.197217,50.661136,1347355518.980273
7.206208,50.641278,1347355867.200102
7.207284,50.618247,1347356303.230028
7.207670,50.597634,1347356651.255744
7.227356,50.580064,1347357000.984309
7.260410,50.575008,1347357349.997997
7.271587,50.559423,1347357698.087211
7.283181,50.541171,1347358346.147803
7.292622,50.522668,1347358694.060884
7.302160,50.509485,1347359042.132172
7.314560,50.496987,1347359390.267351
7.331641,50.483716,1347359738.004725
7.346640,50.468411,1347360086.975293
7.365626,50.451570,1347360433.905235
7.415606,50.442071,1347361084.451112
7.437250,50.440142,1347361433.315370
7.450981,50.423763,1347361782.182130
7.476116,50.410423,1347362130.242807
7.509958,50.413063,1347362477.335143
7.537954,50.418607,1347362825.064762
7.567195,50.410834,1347363173.246837
7.585497,50.398849,1347363522.205786
7.595598,50.388602,1347363869.114489
7.608759,50.377961,1347364217.385363
7.592512,50.360585,1347364974.160539
7.592716,50.360474,1347364985.178186
7.592789,50.360467,1347364996.286922
7.592036,50.356907,1347365739.877658
8.100355,50.009484,1347439843.806111
8.100122,50.009419,1347439853.836421
8.117894,50.008162,1347440220.921257
8.148133,50.019674,1347440581.789588
8.174627,50.028231,1347440943.048188
8.175681,50.031677,1347441305.742709
8.199185,50.029076,1347442057.861738
8.211644,50.032394,1347442471.817776
8.215618,50.044329,1347442884.994507
8.216616,50.043517,1347443161.653721
8.229217,50.037748,1347446030.489552
8.247903,50.032126,1347446341.738201
8.267967,50.023791,1347446651.830262
8.286281,50.020461,1347446960.744812
8.296787,50.013900,1347447322.716024
8.308408,49.999637,1347447890.841428
8.327974,50.004264,1347448199.734996
8.352477,50.001326,1347448510.675089
8.378414,50.002088,1347448819.753997
8.401717,50.000825,1347449129.852290
8.402482,50.001018,1347449598.767783
8.401945,50.002103,1347449924.693347
8.402416,50.002142,1347454880.246043
8.421270,50.010542,1347455244.250782
8.443866,50.016250,1347455788.583108
8.446446,50.017468,1347455848.220052
8.467235,50.031393,1347456206.231194
8.480453,50.045807,1347456564.280749
8.513106,50.059294,1347457224.446403
8.521410,50.076336,1347457586.269184
8.546924,50.080570,1347458226.129762
8.561872,50.085126,1347458586.003957
8.584065,50.088436,1347458947.691526
8.636525,50.089966,1347459537.192921
8.689952,50.107378,1347460247.357996
8.691176,50.107193,1347461793.589304
8.665573,50.102077,1347462412.022258
8.662112,50.102810,1347462809.114935
8.665945,50.108454,1347464128.621958
8.665562,50.108218,1347464528.321222
8.665731,50.108682,1347464925.369266
8.665718,50.108750,1347465322.587079
8.664834,50.107807,1347465721.759981
8.667655,50.107563,1347466170.364393
8.670412,50.108200,1347466572.604618
8.668981,50.107759,1347466975.376723
8.668997,50.107464,1347467376.377468
8.668863,50.107525,1347467777.630850
8.668952,50.107450,1347468178.572630
8.669057,50.107526,1347468578.502239
8.668946,50.107569,1347468978.406481
8.665660,50.108865,1347469375.435440
8.665761,50.109159,1347469941.687891
8.665334,50.108861,1347471263.747118
8.665376,50.108891,1347471734.661745
8.665371,50.108778,1347471763.142367
8.665427,50.108817,1347471771.234479
8.665330,50.108885,1347471830.416001
8.665175,50.108924,1347471849.497543
8.665175,50.108924,1347471857.594293
8.665175,50.108924,1347471865.690695
8.665226,50.108854,1347471873.788537
8.665406,50.108836,1347471881.991910
8.665396,50.108876,1347471890.087398
8.665355,50.108892,1347471898.421559
8.665461,50.108826,1347471906.450898
8.665334,50.108817,1347471914.549095
8.665498,50.108864,1347471922.743874
8.665678,50.108788,1347471930.836765
8.665382,50.108804,1347471938.926909
8.665471,50.108855,1347471947.028030
8.665352,50.108798,1347471955.116548
8.665425,50.108807,1347471963.219311
8.665486,50.108849,1347471971.324380
8.665362,50.108830,1347471979.554256
8.665488,50.108897,1347472011.401186
8.665353,50.108912,1347472019.429138
8.665353,50.108912,1347472027.524706
8.665353,50.108912,1347472035.618922
8.665353,50.108912,1347472043.791921
8.665353,50.108912,1347472052.038550
8.708308,50.111301,1347523189.062008
8.731111,50.117918,1347523521.148374
8.744269,50.123927,1347523772.728344
8.742200,50.123779,1347524189.922539
8.742073,50.123619,1347524524.501013
8.742365,50.123550,1347524857.419062
8.742574,50.123539,1347525192.005279
8.742318,50.123401,1347525524.799983
8.742194,50.123773,1347525857.678953
8.742521,50.123522,1347526192.244881
8.742368,50.123617,1347526525.192873
8.749724,50.126116,1347527077.609899
8.767237,50.132902,1347527416.678731
8.814951,50.135690,1347527993.712825
8.814500,50.135159,1347528072.606998
8.842753,50.130439,1347528385.579864
8.875485,50.126373,1347528717.771605
8.905154,50.129203,1347529049.584863
8.916895,50.107723,1347529786.818774
8.918729,50.106297,1347529846.761954
8.945708,50.080051,1347530453.315666
8.977963,50.077468,1347530788.594141
8.984355,50.060549,1347531124.655440
8.981588,50.041709,1347531460.586332
9.010874,50.044807,1347531794.934637
9.014825,50.044332,1347531854.620092
9.028571,50.027592,1347532186.588962
9.062345,49.992731,1347533793.335394
9.063058,49.990830,1347533852.822521
9.065372,49.977806,1347534375.593440
9.070558,49.970692,1347534640.609896
9.083790,49.951361,1347535244.678423
9.080434,49.958479,1347535576.779793
9.087357,49.960593,1347535790.845078
9.111635,49.951824,1347536241.022485
9.107462,49.949701,1347536406.852125
9.107121,49.942422,1347536632.665466
9.129672,49.926660,1347536965.633160
9.143789,49.915875,1347537639.621322
9.143773,49.915801,1347538051.732408
9.143233,49.915872,1347538383.972757
9.141427,49.915294,1347538716.779765
9.138227,49.909957,1347538899.638362
9.151151,49.893627,1347539237.881613
9.156321,49.862563,1347539805.664819
9.150468,49.841404,1347540137.704971
9.135369,49.819365,1347540570.889079
9.148172,49.802068,1347540902.710486
9.170412,49.790075,1347541234.718590
9.179416,49.775623,1347541566.904358
9.175246,49.752892,1347541898.679118
9.186469,49.735449,1347542230.911010
9.208241,49.724086,1347542563.683615
9.220087,49.714750,1347543433.766373
9.220094,49.715376,1347543765.956497
9.230781,49.706013,1347544346.624994
9.233033,49.703505,1347544476.742821
9.221637,49.696400,1347544738.946900
9.220521,49.678386,1347545070.769672
9.211123,49.661055,1347545402.746731
9.255734,49.640204,1347546398.719037
9.290900,49.621811,1347547006.950428
9.303510,49.620652,1347547342.749093
9.304291,49.620390,1347547401.729244
9.334654,49.606855,1347548343.610732
9.334711,49.606736,1347548579.754102
9.352114,49.599063,1347549284.403533
9.352015,49.599158,1347549343.773234
9.367185,49.584734,1347550192.807813
9.368445,49.582565,1347550504.360773
9.368199,49.582318,1347550923.674185
9.368206,49.582308,1347551284.594978
9.368717,49.582044,1347551373.809598
9.368753,49.582041,1347551382.138186
9.368776,49.582034,1347551386.249010
9.368776,49.582034,1347551390.338335
9.368703,49.582083,1347551961.795322
9.368704,49.582087,1347552046.791535
9.368704,49.582087,1347552050.811745
9.368704,49.582087,1347552152.794989
9.368704,49.582087,1347552156.813783
9.368691,49.582091,1347552192.790888
9.368691,49.582091,1347552196.809806
9.368691,49.582091,1347552200.905149
9.368691,49.582091,1347552207.790826
9.368691,49.582091,1347552234.795218
9.368691,49.582091,1347552238.813638
9.368691,49.582091,1347552269.810330
9.368691,49.582091,1347552265.788446
9.368691,49.582091,1347552273.904821
9.368691,49.582091,1347552278.000230
9.368691,49.582091,1347552282.095651
9.368691,49.582091,1347552286.211299
9.368691,49.582091,1347552306.807693
9.368691,49.582091,1347552310.825666
9.368691,49.582091,1347552329.793813
9.368691,49.582091,1347552333.811884
9.368691,49.582091,1347552450.791985
9.368691,49.582091,1347552454.812585
9.368691,49.582091,1347552458.913067
9.368692,49.582101,1347552696.792418
9.368692,49.582101,1347552700.811511
9.368690,49.582102,1347552761.793704
9.368690,49.582102,1347552765.814349
9.368690,49.582102,1347552769.906872
9.368690,49.582102,1347552774.001801
9.368690,49.582102,1347552778.104170
9.368690,49.582102,1347552782.197569
9.368690,49.582094,1347552961.827903
9.368388,49.582396,1347610250.069703
9.392596,49.587045,1347610627.202902
9.459851,49.604486,1347611369.118014
9.486621,49.610165,1347611739.315797
9.516015,49.617542,1347612111.559697
9.530806,49.617207,1347612482.301773
9.531389,49.614792,1347612784.195432
9.562242,49.614582,1347613468.926630
9.581181,49.613191,1347613840.655329
9.629965,49.611561,1347614579.692307
9.659897,49.617331,1347614951.982431
9.682297,49.600030,1347615321.600160
9.700247,49.581151,1347615693.109950
9.705934,49.566288,1347616064.142356
9.712997,49.554625,1347616601.013047
9.713214,49.554613,1347616754.039243
9.856399,49.474041,1347621786.014337
9.905618,49.494932,1347624149.394944
9.905679,49.494936,1347624373.047721
9.940214,49.493999,1347624749.148724
9.970370,49.506214,1347625117.112645
9.996806,49.519084,1347625485.111527
10.018546,49.506294,1347625854.154024
10.023256,49.476541,1347626532.952165
10.035676,49.467399,1347626904.119873
10.060297,49.456695,1347627276.021074
10.077967,49.449255,1347627647.217196
10.114270,49.446442,1347628350.097199
10.114411,49.446283,1347628410.151038
10.147892,49.420750,1347629135.921605
10.149488,49.419276,1347629195.329696
10.166004,49.388451,1347629883.151874
10.172926,49.377611,1347630256.988338
10.177538,49.371127,1347630629.282663
10.178955,49.372785,1347631001.321492
10.183519,49.368603,1347631581.345188
10.196029,49.360965,1347632212.222656
10.194727,49.353082,1347632735.947135
10.193768,49.336089,1347633294.028852
10.189774,49.318739,1347633664.307559
10.188365,49.317962,1347633724.301332
10.197906,49.306835,1347634381.606853
10.197886,49.306784,1347634441.202927
10.215624,49.303642,1347634762.221886
10.246487,49.291186,1347635327.187642
10.255167,49.288675,1347635640.352486
10.255776,49.288034,1347635951.369154
10.255952,49.288101,1347636076.416428
10.265799,49.274063,1347636887.347952
10.266480,49.272881,1347636946.175571
10.297157,49.228247,1347638008.377187
10.301382,49.215626,1347638327.333352
10.301634,49.215681,1347638364.815626
10.301538,49.215877,1347638378.914358
10.301365,49.215843,1347638393.009811
10.301365,49.215843,1347638407.112017
10.301687,49.215596,1347638421.225568
10.301649,49.215421,1347638435.328787
10.301306,49.215595,1347638449.426360
10.301269,49.215564,1347638463.520590
10.301251,49.215553,1347638477.615494
10.301489,49.215464,1347638491.711011
10.301532,49.215432,1347638505.805559
10.301681,49.215392,1347638519.899442
10.301784,49.215941,1347638562.221322
10.301563,49.215527,1347638576.341477
10.301358,49.215572,1347638590.486546
10.301654,49.215525,1347638604.586189
10.301551,49.215454,1347638618.678249
10.301468,49.215645,1347638632.776664
10.301554,49.215656,1347638646.873478
10.301554,49.215656,1347638660.972980
10.301554,49.215656,1347638674.265118
10.301935,49.215481,1347695273.802824
10.312174,49.201050,1347695622.959846
10.315123,49.187992,1347695963.148041
10.323766,49.171155,1347696302.585874
10.325736,49.166906,1347696639.619304
10.333713,49.156589,1347696978.234549
10.352068,49.134598,1347697512.841588
10.385849,49.112362,1347698109.203153
10.471340,49.069564,1347699819.159918
10.472856,49.065411,1347700157.327790
10.498154,49.051304,1347700764.290003
10.522775,49.040388,1347701104.221837
10.525663,49.038094,1347701271.370175
10.593022,49.035914,1347702115.280825
10.596766,49.035165,1347702294.440268
10.603248,49.021507,1347702746.434615
10.604811,49.016827,1347702849.839955
10.609540,48.991176,1347703715.912600
10.610859,48.982189,1347704073.397833
10.610644,48.982388,1347704133.254826
10.607198,48.955091,1347704771.648829
10.601074,48.948933,1347705108.805645
10.600747,48.930557,1347705499.621508
10.604315,48.911593,1347705839.004635
10.609858,48.895872,1347706181.330938
10.615358,48.891135,1347706507.378298
10.616354,48.875706,1347706955.958554
10.622932,48.866436,1347707292.978547
10.641512,48.857652,1347707675.534485
10.653661,48.837182,1347708170.360128
10.651668,48.828215,1347708513.013218
10.651116,48.828198,1347708855.164053
10.651122,48.828144,1347709196.358414
10.651766,48.827960,1347710548.066571
10.651791,48.827971,1347710888.329866
10.644656,48.813040,1347711345.959850
10.665193,48.791842,1347712043.010529
10.683767,48.789879,1347712383.376578
10.690911,48.783458,1347713060.382224
10.706151,48.776707,1347713401.077851
10.721157,48.761444,1347713740.589217
10.728692,48.749342,1347714080.042958
10.720537,48.735109,1347714420.370045
10.721563,48.733371,1347714479.412126
10.765326,48.729395,1347715098.388038
10.776885,48.721985,1347715440.406049
10.778030,48.721592,1347715500.451408
10.799381,48.714374,1347715837.473560
10.826783,48.718736,1347716174.606341
10.852901,48.724134,1347716511.395448
10.859880,48.734042,1347717126.187168
10.859856,48.734147,1347717463.464772
10.879093,48.738709,1347718004.312094
10.895586,48.745978,1347718344.799964
10.914001,48.741802,1347718686.149013
10.945731,48.739205,1347719495.129585
10.939705,48.724636,1347719834.386126
10.926905,48.707771,1347720173.911778
10.923976,48.696481,1347720513.469230
10.922931,48.694229,1347720850.490706
10.940416,48.691929,1347721187.655576
10.976703,48.678618,1347721572.239664
10.992310,48.662774,1347721914.180018
11.017625,48.647920,1347722253.435616
11.020142,48.646988,1347722313.449332
11.045186,48.627976,1347722759.650424
11.087577,48.604291,1347723385.491511
11.087736,48.600665,1347723725.732715
11.090781,48.583919,1347724240.534396
11.090798,48.584241,1347724562.700032
11.093806,48.583399,1347724918.512751
11.093526,48.583142,1347725259.470178
11.093730,48.583566,1347725613.474692
11.093776,48.583459,1347725963.495492
11.093780,48.583142,1347726328.479273
11.093864,48.583176,1347726680.477144
11.093860,48.583172,1347727038.502520
11.093967,48.583886,1347727787.550878
11.093871,48.583358,1347728448.502971
11.090907,48.582526,1347728785.520739
11.087032,48.582654,1347729122.671508
11.093674,48.583134,1347783819.167197
11.098412,48.570914,1347784168.748923
11.110284,48.557413,1347784512.032491
11.110057,48.535402,1347784855.084238
11.108574,48.516599,1347785199.523238
11.109642,48.515424,1347785258.533771
11.115710,48.495673,1347785600.763576
11.125767,48.463180,1347786407.156371
11.172136,48.448566,1347787724.795131
11.183930,48.441880,1347788069.659122
11.198866,48.423268,1347788801.771015
11.225293,48.416504,1347789208.821102
11.242376,48.395039,1347790092.870563
11.256139,48.387722,1347790433.896127
11.262537,48.376394,1347790970.445388
11.278288,48.363540,1347791434.601769
11.282753,48.347959,1347791776.621492
11.301387,48.335255,1347792230.899458
11.311836,48.325958,1347792576.184304
11.312601,48.325315,1347792635.641786
11.332528,48.307546,1347793087.661072
11.391064,48.290260,1347793991.657550
11.408504,48.276963,1347794336.781570
11.420769,48.272260,1347794677.920639
11.439504,48.268350,1347795019.087996
11.439825,48.268364,1347795116.642776
11.440386,48.266856,1347795901.633940
11.440018,48.266563,1347796246.659868
11.440192,48.266414,1347796592.642437
11.440281,48.265775,1347797556.664650
11.435422,48.257284,1347797818.815726
11.438392,48.255169,1347797902.673305
11.451636,48.243360,1347798269.831975
11.467572,48.225720,1347798619.865663
11.472254,48.222630,1347798769.707144
11.479197,48.217691,1347798911.890396
11.484593,48.212020,1347799146.712393
11.485807,48.200215,1347799389.716005
11.493782,48.199543,1347799531.872732
11.492846,48.199462,1347799674.040208
11.495985,48.194258,1347799816.245799
11.495990,48.194269,1347799907.912373
11.503168,48.188631,1347800058.647230
11.514796,48.179160,1347800307.661861
11.518783,48.177245,1347800351.842915
11.521552,48.175734,1347800396.018281
11.522251,48.175417,1347800477.938287
11.526419,48.173387,1347800522.132572
11.529188,48.171844,1347800566.301336
11.532295,48.170010,1347800610.479343
11.534941,48.168217,1347800654.674496
11.537938,48.165424,1347800698.849513
11.540696,48.163505,1347800743.015800
11.543040,48.162284,1347800787.257331
11.546257,48.160144,1347800831.423916
11.548502,48.158296,1347800875.575643
11.551465,48.155946,1347800919.750985
11.558717,48.147662,1347801134.501078
11.557931,48.145433,1347801178.659177
11.557082,48.143757,1347801222.823827
11.557232,48.143513,1347801266.991031
11.559694,48.143039,1347801311.147757
11.561332,48.142014,1347801355.309588
11.565549,48.140708,1347801418.865177
11.566062,48.140415,1347801448.873369
11.565547,48.140052,1347801474.028269
11.565447,48.139844,1347801499.179998
11.564901,48.138903,1347801524.339333
11.564658,48.137438,1347801579.135990
11.564543,48.136898,1347801604.285617
11.564672,48.136374,1347801629.438109
11.564777,48.136598,1347801654.595999
11.565283,48.136728,1347801706.710250
11.565289,48.136610,1347801731.876360
11.566697,48.136515,1347801757.041736
11.568290,48.136169,1347801782.209895
11.567594,48.135173,1347801807.375202
11.567609,48.135110,1347801832.542309
11.567551,48.135029,1347801925.697254
11.567579,48.134981,1347801985.682607
11.567567,48.134968,1347802027.283590
11.567587,48.134996,1347802052.448279
11.567440,48.134961,1347802077.779831
11.567681,48.135031,1347802102.945641
11.567702,48.135146,1347802128.110243
11.567728,48.135282,1347802153.287717
11.567679,48.135026,1347802178.449069
11.567644,48.134991,1347802203.619767
11.567648,48.135016,1347802228.796117
11.567591,48.135082,1347802253.960053
11.567588,48.135083,1347802295.392390
11.567597,48.135076,1347802320.555055
11.567573,48.134957,1347802345.748818
11.567716,48.135157,1347802370.924993
11.567671,48.135094,1347802396.093296
11.567877,48.135094,1347802421.264482
11.567777,48.135000,1347802446.443848
11.567561,48.134926,1347802471.622525
11.567561,48.134926,1347802524.748323
11.567614,48.135028,1347802549.774904
11.567836,48.135050,1347802574.947931
11.567808,48.135047,1347802662.701675
11.567849,48.135018,1347802765.702267
11.567735,48.134987,1347802790.727171
11.567770,48.135007,1347802815.903105
11.567652,48.134852,1347802846.719370
11.567973,48.135017,1347802871.744558
11.568111,48.135120,1347802896.927194
11.568044,48.135094,1347802922.100580
11.567973,48.135146,1347802947.281212
11.567915,48.135204,1347802972.449606
11.567891,48.135128,1347802997.625506
11.567688,48.135128,1347803022.811888
11.567800,48.135148,1347803047.985805
11.567696,48.135061,1347803073.155001
11.567377,48.134967,1347803098.325688
11.567530,48.134971,1347803123.497480
11.567530,48.134971,1347803148.682193
11.567598,48.134992,1347803173.856903
11.567632,48.134959,1347803199.029723
11.567861,48.134991,1347803224.198950
11.567945,48.134807,1347803249.367261
11.568069,48.135083,1347803274.539358
11.567124,48.134878,1347803306.754562
11.567265,48.134988,1347803332.682154
11.567495,48.134974,1347803357.710727
11.567390,48.134911,1347803382.881472
11.567477,48.134952,1347803408.052191
11.567398,48.134953,1347803433.216647
11.567589,48.135096,1347803458.381959
11.567767,48.135117,1347803483.543254
11.567951,48.134958,1347803508.731965
11.568031,48.134932,1347803533.902770
11.567977,48.134898,1347803559.067908
11.567731,48.135160,1347803584.230161
11.568034,48.135218,1347803609.392776
11.567834,48.135301,1347803634.553238
11.568463,48.135592,1347803659.731993
11.568522,48.135590,1347803684.900204
11.568385,48.135509,1347803710.070810
11.568288,48.135298,1347803735.231370
11.568251,48.135335,1347803760.392855
11.567798,48.135270,1347803785.555218
11.567938,48.135253,1347803810.724292
11.567927,48.135676,1347803883.724873
11.567719,48.135445,1347803908.751550
11.567615,48.135425,1347803933.922269
11.567848,48.135379,1347803960.783780
11.567557,48.135293,1347803985.810750
11.567757,48.135208,1347804010.978254
11.567690,48.135182,1347804036.139705
11.567690,48.135182,1347804061.304952
11.567690,48.135182,1347804086.467670
11.567690,48.135182,1347804111.642249
11.567690,48.135182,1347804136.810731
11.567653,48.135219,1347804161.973217
11.567653,48.135219,1347804187.135835
11.567653,48.135219,1347804212.298650
11.567653,48.135219,1347804237.461336
11.567653,48.135219,1347804262.627221
11.567653,48.135219,1347804287.808715
11.567653,48.135219,1347804312.973283
11.567653,48.135219,1347804338.134812
11.567653,48.135219,1347804363.297547
11.567653,48.135219,1347804388.462637
11.567653,48.135219,1347804413.634623
11.567653,48.135219,1347804438.806729
11.567653,48.135219,1347804463.967923
11.567653,48.135219,1347804489.131601
11.567653,48.135219,1347804514.293135
11.567653,48.135219,1347804539.454609
11.567653,48.135219,1347804564.615787
11.567653,48.135219,1347804589.787174
11.567653,48.135219,1347804614.960390
11.567653,48.135219,1347804640.122358
11.567653,48.135219,1347804665.283772
11.567653,48.135219,1347804690.446118
11.567653,48.135219,1347804715.605893
11.567653,48.135219,1347804740.776537
11.567653,48.135219,1347804765.945137
11.567653,48.135219,1347804791.107568
11.567653,48.135219,1347804816.269765
11.567653,48.135219,1347804841.431549
11.567653,48.135219,1347804866.592003
11.567653,48.135219,1347804891.774105
11.567653,48.135219,1347804916.936182
11.567653,48.135219,1347804942.100911
11.567653,48.135219,1347804967.261624
11.567653,48.135219,1347804992.423360
11.567653,48.135219,1347805017.586406
11.567653,48.135219,1347805042.765381
11.567653,48.135219,1347805067.935232
11.567653,48.135219,1347805093.108589
11.567653,48.135219,1347805118.288127
11.567653,48.135219,1347805143.450370
11.567653,48.135219,1347805168.618895
11.567653,48.135219,1347805193.788575
11.567653,48.135219,1347805218.953368
11.567653,48.135219,1347805244.117103
11.567653,48.135219,1347805269.282271
11.567653,48.135219,1347805294.445501
11.567653,48.135219,1347805319.604954
11.567653,48.135219,1347805344.789190
11.567653,48.135219,1347805369.953712
11.567653,48.135219,1347805395.115319
11.567653,48.135219,1347805420.281840
11.567653,48.135219,1347805445.444746
11.567653,48.135219,1347805470.616238
11.567653,48.135219,1347805495.792143
11.567653,48.135219,1347805520.960185
11.567653,48.135219,1347805546.123451
11.567653,48.135219,1347805571.295339
11.567653,48.135219,1347805596.471096
11.567653,48.135219,1347805621.635564
11.567653,48.135219,1347805646.807202
11.567653,48.135219,1347805671.978465
11.567653,48.135219,1347805697.138356
11.567524,48.135234,1347805722.299350
11.567602,48.135259,1347805747.471560
11.567609,48.135353,1347805772.853822
11.567608,48.135312,1347805798.036767
11.567651,48.135310,1347805823.203894
11.567622,48.135305,1347805848.374546
11.567612,48.135327,1347805873.534899
11.567582,48.135241,1347805898.706675
11.567558,48.135143,1347805923.877785
11.567720,48.135133,1347806022.725450
11.567587,48.135170,1347806047.768967
11.567642,48.135296,1347806072.934061
11.567637,48.135349,1347806098.105719
11.567480,48.135459,1347806123.281606
11.567555,48.135480,1347806148.456465
11.567555,48.135480,1347806179.792962
11.567539,48.135408,1347806204.818649
11.567567,48.135207,1347806229.988892
11.567716,48.135258,1347806255.172305
11.567675,48.135223,1347806280.361304
11.567858,48.135675,1347806310.789580
11.567602,48.135258,1347806335.817686
